7.800000000000000000e+01
7.700000000000000000e+01
7.500000000000000000e+01
6.600000000000000000e+01
7.500000000000000000e+01
7.800000000000000000e+01
7.700000000000000000e+01
7.500000000000000000e+01
6.600000000000000000e+01
7.500000000000000000e+01
7.800000000000000000e+01
7.700000000000000000e+01
7.500000000000000000e+01
6.600000000000000000e+01
7.500000000000000000e+01
7.800000000000000000e+01
7.700000000000000000e+01
7.500000000000000000e+01
6.600000000000000000e+01
7.800000000000000000e+01
